"x"
41.26
18.9
9.39
10.61
16.99
27.68
31.36
43.84
34.25
20.52
20.84
11.63
11.71
41.16
13.3
8.91
10
9.33
10.16
24.62
6.71
7.06
22.89
25.49
38.38
38.54
35.22
16.36
20.22
44
43.76
36.65
23.09
14.31
9.51
36.46
32.71
14.37
13.61
35.54
26.57
42.84
40.79
47.2
40.03
20.7
20.42
31.85
29.55
25.37
40.43
27.23
31.17
29.68
41.64
30.38
32.42
22.53
53.27
43.35
35.86
32.77
23.21
31.76
41.8
33.24
53.5
46.77
47.5
44.43
33.72
37.7
47.09
31.29
35.87
36.3
25.05
20.46
24.5
25.68
27.08
28.93
32.5
42.93
46.11
50.26
37.97
34.57
46.76
53.44
58.34
50.6
43.24
46.66
48.6
40.91
54.79
52.96
60.86
63.74
67.88
65.45
50.63
32.49
40.06
35.74
43.62
42.66
31.87
35.43
35.6
43.87
35.31
36.98
41.47
42.28
47.84
54.29
56.54
49.96
54.94
51.83
56.22
65.57
64.2
49.42
46.22
37.46
43.76
45.79
43.27
53.15
47.22
50.3
55.29
54.75
50.63
54.47
46.31
62.86
55.04
58.09
71.04
68.97
73.73
66.89
57.87
59.33
62.8
58.59
46.55
47.18
49.2
68.08
72.12
66.65
70.54
62.6
56.54
34.83
45.4
51.24
38.26
52.1
44.4
52.79
46.4
59.99
50.79
69.78
71.26
63.52
52.98
58.52
73.4
81.7
89.86
77.64
88.18
93.28
82.42
85.3
56.99
92.69
91.63
86.75
98.11
88.74
55.01
92.23
101.5
94.33
81.61
72.06
82.66
70.32
67.98
97.59
90.73
79.54
82.92
64.31
57.79
73.75
84.01
74.39
69.92
71.74
62.44
74.38
67.11
75.94
81.92
72.54
70.04
66.4
65.72
78.56
77.4
58.21
57.89
55.19
69.58
70.14
66.52
78.82
79.39
70.8
56.87
73.95
55.31
52.47
67.01
78.81
52.83
55.13
49.83
49.14
52.92
79.61
77.26
76.41
62.1
52.66
37.88
54.81
67.12
66.96
35.76
57.67
59.06
53.2
46.87
49.82
51.88
54.3
48.3
33.02
33.25
32.51
38.62
43.56
30.95
29.56
36.5
36.8
54.07
63.89
57.27
36.73
32.38
39.59
31.8
30.58
38.12
44.29
42.4
25.38
27.4
40.65
27.36
28.72
39.37
22.73
39.05
27.69
24.95
32.74
37.81
50.42
35.47
15.29
15.95
25.38
17.58
25.06
30.11
51.55
21.43
11.08
7.67
24.77
37.43
53.24
57.8
34.82
7.25
18.2
16.22
18.69
18.27
45.73
61.69
39.66
25.39
11.55
17.39
25.05
46.16
22.65
27.59
29.98
12.15
42.23
46.21
34.48
15.27
17.26
16.81
31.95
27.21
22.25
16.15
18.97
32.01
30.83
28.72
21.67
16.87
23.34
27.11
32.38
17.45
18.43
8.22
6.15
5.94
18.44
47.12
25.5
5.83
11.23
17.17
17.44
16.7
29.13
30.63
30.21
26.04
13.29
5.68
5.66
10.48
8.93
14.99
23
17
11
9
8
22
25
31
35
17
34
11
7
9
16
19
6
9
7
20
53
51
46
33
21
22
18
30
32
21
40
34
35
9
7
11
22
19
15
8
17
16
24
36
51
25
38
56
22
13
38
57
50
25
19
14
18
68
64
65
53
43
35
56
46
53
66
54
37
29
46
48
46
48
49
51
35
49
45
66
78
57
48
49
38
60
61
60
61
26
42
43
28
43
40
43
38
34
47
59
74
70
51
49
82
85
94
85
79
58
69
76
67
75
74
85
91
83
77
61
62
49
37
43
38
54
45
41
39
47
44
42
45
42
47
41
36
40
34
39
56
56
55
61
59
67
43
55
66
43
54
62
60
78
68
69
46
41
53
54
56
54
58
51
60
62
57
54
62
70
57
53
51
78
76
75
73
67
63
71
73
69
63
70
79
72
67
69
58
66
80
75
69
80
76
74
84
73
62
60
58
65
77
73
58
62
66
71
75
85
110
95
86
87
88
92
71
76
74
84
75
73
79
64
73
71
51
49
56
57
69
67
69
62
57
62
49
53
52
58
51
53
44
44
56
39
52
49
51
49
52
58
64
52
46
49
49
50
53
59
61
44
39
45
37
40
58
38
43
42
34
38
47
54
48
34
43
35
19
42
45
32
27
22
32
21
24
35
34
27
18
24
44
27
34
37
28
33
21
23
24
27
23
14
18
24
26
19
28
29
3
15
10
6
10
33
43
26
16
15
13
24
39
21
14
11
26
20
15
20
8
5
4
6
4
15
10
4
5
18
3
6
3
2
6
9
18
20
22
26
23
22
5
2
2
4
4
29
26
13
9
9
31
7
4
10
34
7
5
3
20
14
14
12
16
17
7
3
6
3
24
31
13
5
13
22
8
16
21
11
6
21
42
47
19
8
9
46
47
42
32
26
36
35
20
28
40
38
33
23
34
32
27
27
32
35
16
26
24
19
23
27
32
27
25
29
27
36
33
40
32
30
33
30
36
31
25
25
30
37
37
41
40
36
35
23
17
36
45
37
35
41
41
39
33
39
44
41
36
22
38
42
38
28
32
35
39
32
38
39
39
38
31
37
38
36
32
40
37
40
36
34
29
49
40
35
38
36
30
41
41
42
40
31
34
50
51
50
56
57
70
57
58
64
49
49
49
45
48
56
65
61
54
55
59
51
68
64
66
65
59
63
39
50
59
54
47
54
44
55
71
54
42
49
43
48
59
63
69
74
80
70
0
58
65
65
69
57
50
53
60
64
54
54
62
57
64
61
67
57
60
66
60
54
66
48
51
61
59
52
66
69
62
65
69
69
65
59
56
51
64
60
48
54
54
57
44
33
46
68
54
52
51
45
44
52
54
41
33
42
52
58
56
56
56
49
40
57
50
53
57
57
53
54
57
54
65
59
49
40
41
51
34
42
45
31
28
55
48
47
38
34
51
45
37
24
15
36
34
19
21
28
29
31
34
23
24
16
16
34
27
38
42
34
19
21
25
30
33
21
11
16
9
22
25
29
47
15
13
20
36
30
17
20
31
27
27
10
19
38
45
30
29
25
19
20
25
23
14
4
11
20
8
10
9
22
24
21
30
26
29
11
5
26
38
11
7
25
15
4
12
8
5
18
39
37
26
4
4
18
24
14
14
10
13
10
4
6
5
6
7
17
26
22
9
4
5
4
5
7
4
10
29
51
32
39
30
32
29
39
41
36
26
42
33
20
34
20
30
7
6
6
14
51
47
10
15
49
37
40
39
35
44
32
18
12
18
16
16
21
29
30
32
39
47
40
39
32
34
45
43
40
48
42
27
33
33
32
46
51
44
44
50
41
33
42
27
50
25
37
31
27
45
51
40
32
42
49
43
56
42
46
45
28
42
49
53
42
47
46
41
40
43
37
50
46
37
51
49
70
82
78
79
70
70
78
66
68
71
56
51
54
57
70
71
67
63
57
49
52
53
74
81
72
69
65
55
59
61
68
53
65
65
64
61
66
77
58
68
67
58
77
87
79
75
76
81
88
77
81
74
72
71
50
47
55
80
76
71
70
68
76
68
77
61
83
87
83
84
96
62
85
76
88
73
57
73
93
115
101
100
87
88
95
93
102
87
92
100
102
91
97
91
77
58
62
60
55
69
71
59
67
73
66
65
77
74
55
57
69
74
75
83
79
74
86
77
76
69
92
79
72
76
72
66
70
74
79
72
78
73
78
76
82
93
73
63
68
84
73
66
64
56
63
43
54
47
51
53
43
39
47
45
45
52
57
32
32
39
32
35
48
48
27
20
16
16
24
32
51
44
34
42
38
45
59
47
26
29
17
18
27
30
36
21
22
30
16
18
23
21
17
46
37
12
21
21
16
30
40
12
18
23
47
38
21
20
37
37
49
33
19
10
31
41
41
38
34
44
33
40
49
34
17
17
38
18
21
14
11
20
17
13
16
21
20
15
3
15
19
25
11
7
28
46
15
16
7
30
59
45
32
55
42
11
20
29
33
36
60
44
32
22
11
13
13
13
4
32
41
22
35
36
39
38
45
26
27
46
23
34
22
59
49
47
47
42
61
47
23
41
52
44
47
53
47
64
30
18
28
29
45
33
16
27
16
17
60
44
42
44
42
58
31
54
53
45
67
59
47
22
44
50
74
54
69
68
48
37
61
50
38
42
64
49
46
68
72
37
76
69
39
59
58
54
42
49
42
61
68
42
33
37
41
48
43
47
74
65
64
70
60
79
93
59
77
44
57
52
52
78
55
79
56
55
55
69
68
77
74
60
57
41
66
75
77
67
69
82
90
95
96
107
109
93
75
72
62
68
81
79
75
78
64
55
72
85
87
87
81
79
85
65
63
67
70
67
82
86
88
112
111
107
111
114
96
89
85
73
66
69
89
73
75
53
94
77
76
79
52
69
90
53
67
79
80
90
82
78
78
71
83
72
64
74
71
70
74
80
85
99
82
102
110
95
82
89
84
92
82
68
66
94
82
78
62
60
83
70
73
77
88
92
86
82
77
78
86
68
75
76
81
67
58
48
47
59
71
72
66
69
64
56
49
53
52
67
64
63
65
50
51
56
44
50
46
36
32
34
64
46
50
37
58
54
59
61
31
40
48
43
40
50
63
46
43
30
19
23
32
63
52
44
25
19
23
31
46
29
24
41
23
27
34
37
23
21
24
21
26
26
33
32
54
41
30
38
48
51
29
27
39
20
38
50
44
39
11
17
26
20
17
22
19
12
31
24
40
32
22
42
40
21
26
13
45
55
13
38
16
7
8
24
42
30
8
7
6
6
13
22
22
21
16
28
14
10
64
52
14
5
10
8
9
14
12
10
13
15
9
10
14
25
12
9
16
46
33
28
42
10
25
37
27
33
51
17
26
8
22
33
61
66
36
46
60
59
46
22
39
43
34
21
25
35
55
47
37
66
53
31
24
52
45
42
63
45
26
45
37
46
16
9
42
54
35
24
41
30
24
22
22
39
72
66
38
51
56
60
64
59
57
24
55
78
41
30
30
49
46
36
63
67
53
67
69
62
72
85
63
52
59
67
67
72
65
49
55
53
73
59
71
74
52
41
66
54
61
49
57
40
51
25
44
38
74
58
53
63
58
73
71
73
40
63
86
80
78
74
61
79
82
83
84
76
70
68
73
77
65
74
79
69
70
79
93
84
99
103
101
96
66
54
62
75
85
73
67
75
90
76
88
92
78
82
89
86
68
101
94
92
80
85
69
88
94
80
54
55
65
83
78
106
104
106
98
104
68
93
99
65
69
59
131
80
62
90
84
58
66
62
59
50
92
79
71
88
76
71
61
78
86
75
67
69
72
70
77
67
61
76
81
72
64
82
61
75
67
66
59
53
84
71
39
56
68
82
76
76
75
57
60
52
40
55
49
77
52
47
20
24
27
37
39
37
37
32
29
30
35
42
36
36
32
30
43
28
19
12
19
16
20
16
26
21
15
12
19
15
15
19
8
18
35
30
18
12
14
35
30
40
46
25
17
42
53
41
30
7
12
8
14
23
20
9
11
15
21
20
13
5
5
8
5
9
50
42
35
5
33
32
34
19
22
15
16
3
3
3
4
8
5
4
10
8
9
19
8
7
5
7
8
7
6
8
9
13
8
4
10
13
27
16
17
14
10
20
37
23
28
47
42
40
30
44
52
48
34
9
6
39
47
13
23
20
6
8
5
10
16
9
10
5
12
22
24
24
9
4
38
39
23
21
59
37
48
44
36
33
29
62
62
61
31
45
47
44
40
34
35
20
50
36
66
58
63
31
33
47
34
62
58
59
59
33
67
66
45
67
72
54
34
43
48
49
45
45
57
55
60
40
27
68
46
47
42
68
74
62
60
27
62
64
58
72
58
70
48
43
54
45
38
40
70
59
40
43
54
42
34
65
57
50
43
62
48
59
79
81
70
70
70
47
56
50
41
30
46
61
46
52
77
86
82
59
71
50
67
72
58
52
59
54
58
63
55
58
72
76
78
69
83
77
54
58
55
65
72
78
66
50
61
51
52
59
66
68
45
61
70
78
56
77
73
68
62
56
59
61
65
76
70
78
64
54
65
83
76
59
71
68
71
77
76
78
80
72
47
59
75
56
68
80
76
89
76
78
80
89
71
70
79
58
57
62
63
63
63
65
72
70
76
75
74
68
64
57
61
58
72
60
51
66
68
72
69
56
72
57
57
63
52
58
45
44
37
35
66
55
76
67
43
42
40
40
39
42
49
36
49
44
32
27
44
40
43
48
37
44
34
44
35
41
36
32
26
27
34
56
46
39
39
27
29
33
33
20
20
7
5
10
7
27
30
17
10
14
15
19
35
22
25
16
10
7
25
41
20
27
36
10
8
8
23
36
30
11
3
1
12
25
32
10
14
11
13
4
3
6
11
19
16
15
17
39
27
28
6
16
14
18
13
3
5
9
15
19
53
57
45
9
17
6
8
20
17
12
18
14
12
8
10
18
19
8
6
8
19
23
14
10
9
25
13
52
44
41
27
57
49
52
54
53
33
36
17
11
14
30
54
15
22
20
12
34
48
60
75
56
35
57
18
10
35
10
11
19
34
33
28
14
43
44
35
30
13
26
35
31
53
52
38
18
32
59
45
47
55
17
23
32
38
69
78
64
67
61
64
56
52
66
58
65
47
43
34
70
62
40
35
48
55
88
79
69
59
79
81
71
82
81
62
55
66
69
53
56
75
59
81
78
77
83
83
71
59
65
71
87
82
51
65
81
59
56
52
63
77
67
66
67
70
68
51
63
56
60
70
74
52
64
77
62
55
87
74
75
87
87
98
70
80
74
85
77
87
73
62
70
77
81
70
67
85
72
90
90
68
82
93
106
94
92
80
99
94
75
69
77
63
65
80
68
83
72
64
67
93
50
47
67
76
77
70
74
72
84
108
103
84
87
86
88
85
96
100
78
82
82
73
71
64
54
57
77
74
94
67
77
83
80
92
75
76
79
84
79
74
82
69
79
65
86
83
70
88
70
73
57
48
61
31
58
64
85
73
70
75
63
60
74
65
63
78
64
40
54
42
41
61
60
59
52
34
53
51
65
68
57
56
57
41
42
39
37
52
22
25
39
32
63
60
43
38
39
35
53
47
41
50
49
29
33
27
28
29
49
33
29
27
23
36
46
54
41
40
30
24
24
35
54
58
27
39
63
37
15
15
44
20
8
5
7
19
19
13
11
10
5
8
16
38
14
2
26
33
46
38
40
14
16
17
7
2
8
39
43
22
7
17
33
33
31
6
29
3
9
2
21
15
8
24
53
32
28
24
32
46
40
15
15
32
56
43
25
5
16
46
16
6
35
15
10
15
15
11
10
12
10
12
10
9
48
60
55
27
17
18
17
50
33
46
30
44
34
36
17
58
27
46
31
37
16
14
30
58
51
59
63
44
43
31
39
24
31
19
56
35
65
64
59
51
55
36
24
44
74
62
34
33
69
59
59
72
58
69
81
53
27
79
80
58
48
32
66
89
80
56
56
62
72
44
33
58
63
70
55
65
59
57
41
48
62
33
42
67
67
54
47
33
42
42
49
57
65
73
59
64
53
48
69
75
71
37
28
48
57
46
68
70
62
76
79
83
67
67
89
66
42
50
65
48
53
63
41
29
51
59
