"x"
27.29
48.69
57.37
56.1
50.31
39.18
28.17
25.36
34.83
50.22
62.85
65.02
68.93
32.38
74.82
61.68
51.11
56.88
60.37
48.04
79.53
77.55
47.28
41.11
26.65
29.19
28.73
73.33
75.86
29.58
29.28
41.49
61.95
71.85
67.9
40.03
43.42
63.69
60.49
36.14
45.36
29.44
43.57
25.39
34.9
47.27
46.15
42.9
46.76
55.11
38.65
43.35
50.37
52.03
33.87
43.32
52.69
43.85
25.88
37.44
33.88
44.4
56.74
36.69
27.56
35.66
20.19
34.38
35.42
37.75
41.01
43.13
26.45
61.81
51.91
52.64
67.09
49.7
41.92
33.01
46.29
48.34
40.04
40.35
31.03
27.8
41.34
50.44
28.49
24.15
17.8
28.11
28.7
28.03
27.37
46.47
27.65
27.54
25.05
24.08
28.44
23.32
28.03
31.34
33.53
43.3
38.24
35.61
55.83
48.35
49.37
38.15
56.33
40.37
42.9
44.89
47.95
43.95
33.91
39.19
22.91
21.65
14.1
12.84
23.1
38.3
35.58
26.37
19.32
30.92
43.42
24.92
30.93
25.58
17.76
16.29
25.57
29.33
25.11
26.2
38.42
40.31
24.17
29.11
25.58
30.43
31.16
25.15
23.05
28.91
31.88
31.7
32.31
23.81
34.33
31.33
25.16
25.78
26.38
32.61
25.93
24.17
28.75
14.25
25.66
17.98
34.21
41.96
44.39
18.53
10.05
31.67
42.07
49.53
42.05
38.59
25.29
22.75
26.34
25.41
46.41
46.11
64.12
26.36
30.41
35
34.17
40.39
50.69
53.49
38.67
38.31
36.07
48.02
32.94
48.45
65.83
33.98
25.61
60.19
44.86
36.86
33.79
18.21
15.48
12.67
18.3
34.95
54.41
27.17
24.28
0
0
32.16
12.56
16.81
11.63
13.85
16.71
19.35
17.4
19.7
20.47
13.65
4.46
6.89
5.66
8.76
13.92
18.73
16.34
20
16.58
9.43
21.3
48.76
90.74
87.7
59.47
29.04
27.79
51.73
60.67
36.99
72.38
71.73
72.47
77.6
103
29.81
38.84
64.81
85
77.81
62.13
65.05
93.73
99.72
81.47
41.67
27.52
31.97
47.52
55.29
54.53
53.05
26.91
16.74
25.58
52.93
63.38
55.32
71.06
77.19
68.89
37.23
27.21
64.44
78.17
52.17
51.47
35.16
34.96
51.2
26.51
53.92
62.36
59.92
39.65
21.33
48.5
83.97
94.14
77.09
84.17
82.21
61.88
25.66
79.09
102.4
114.3
69.23
35.44
20.28
16.26
48.88
100.9
74.47
60.18
64.56
52.45
47.77
25.21
50.93
60.48
73.61
59.06
45.49
36.77
64.31
49.9
60.98
70.78
38.38
31.37
50.17
79.98
66.93
64.05
52.95
44.42
61.87
52.13
54.5
45.45
51.11
59.36
61.08
58.19
48.51
50.35
46.97
52.85
51.79
51.14
62.25
86.86
54.51
26.3
66.63
113.8
77.8
41.56
67.64
73.26
60.45
45.95
49.18
44.93
63.99
85.53
86.2
76.4
68.63
55.6
41
52
72
61
63
41
50
49
47
62
45
79
70
66
56
51
73
69
75
55
35
35
34
63
79
77
61
57
46
54
45
53
66
106
113
91
77
94
91
102
82
79
57
38
27
53
42
34
72
58
30
27
32
67
60
76
75
7
17
13
25
36
47
33
37
32
31
29
42
48
26
28
33
30
39
35
57
38
43
21
14
25
33
34
31
16
29
30
37
76
57
48
48
37
41
41
56
84
57
39
22
37
52
62
32
19
20
34
27
27
20
19
21
14
21
25
39
44
32
28
25
30
47
44
56
29
28
35
45
37
38
41
39
33
12
22
38
29
22
36
34
29
41
40
52
42
42
30
17
31
21
14
17
25
28
21
47
45
31
43
39
28
26
47
42
47
47
46
24
32
52
49
47
30
31
35
31
42
49
27
32
35
38
23
38
42
33
32
35
22
29
54
42
14
26
38
36
12
24
17
35
40
21
15
10
18
37
22
37
42
23
17
38
26
39
43
41
21
16
21
18
33
36
50
27
31
46
62
53
49
35
29
18
22
39
36
43
22
30
23
61
59
33
32
27
41
27
44
52
79
69
66
49
32
65
74
53
49
59
46
18
30
67
73
88
60
26
55
62
66
59
55
40
23
33
64
65
69
77
25
16
23
59
74
59
74
74
44
53
73
82
71
25
52
45
28
36
32
46
38
34
30
37
51
48
39
42
49
32
36
74
60
59
52
56
21
17
39
54
58
46
44
22
29
42
48
30
52
52
46
50
71
67
68
60
47
58
55
63
45
62
58
60
52
36
45
41
37
46
34
38
37
78
87
91
91
87
29
50
62
70
76
42
87
91
58
30
74
85
99
55
55
62
64
54
56
73
75
81
57
35
41
69
75
63
44
59
43
54
69
79
42
22
16
62
79
75
21
16
11
31
44
25
26
48
53
31
24
26
52
34
36
49
55
48
37
75
65
79
76
66
75
51
72
70
62
54
39
31
26
37
48
56
49
39
42
63
70
71
46
44
31
18
16
20
37
64
43
38
41
38
32
34
31
45
51
46
38
36
46
27
19
18
39
42
40
23
35
23
19
12
12
31
22
23
29
25
16
22
20
35
32
35
26
24
34
33
31
52
38
26
22
36
29
44
41
41
44
23
27
16
37
39
32
17
19
23
26
26
44
43
18
23
28
30
54
39
37
25
13
36
29
23
20
25
28
11
15
15
33
29
26
24
18
31
25
31
23
37
31
23
26
0
43
35
23
14
8
30
48
30
22
24
26
16
38
28
36
31
39
14
13
17
30
38
56
37
11
11
25
24
26
29
25
21
23
35
44
37
40
30
30
20
22
21
27
47
51
36
15
31
19
7
29
41
33
22
39
45
35
33
26
13
23
36
41
33
20
9
8
9
11
16
33
41
50
31
31
46
60
47
13
48
47
51
68
60
19
26
34
46
26
19
24
30
32
27
15
30
71
83
84
86
70
45
58
66
62
39
24
26
24
26
39
56
69
51
39
26
40
61
59
50
38
44
31
17
60
44
46
28
38
41
37
41
33
30
43
35
25
14
33
34
33
37
40
32
27
51
59
58
48
64
55
55
49
46
49
45
42
35
68
86
50
36
62
52
45
59
86
69
72
73
51
30
26
48
63
60
47
43
41
34
44
44
65
71
70
60
55
51
48
50
67
85
88
69
58
49
55
73
59
35
21
45
32
36
37
29
28
20
31
47
27
36
63
48
49
50
80
76
79
62
18
20
90
64
24
34
30
35
37
26
42
59
67
61
53
46
53
34
38
40
34
17
26
34
47
36
23
37
38
25
27
45
42
36
52
29
19
25
29
20
32
54
36
44
21
52
41
51
60
37
18
30
27
27
12
13
12
22
26
30
48
33
25
24
30
28
26
29
23
32
43
21
31
46
46
49
16
13
18
14
25
36
18
23
9
8
20
32
28
18
15
26
30
32
31
44
29
31
18
13
28
34
20
31
27
20
21
34
21
31
25
24
27
12
31
20
17
25
20
9
7
24
32
33
26
24
13
16
32
31
32
39
28
34
32
20
18
22
31
29
19
22
15
20
19
21
16
8
20
29
24
38
7
6
4
5
8
8
7
7
6
6
3
5
7
6
6
8
5
3
6
9
7
9
8
5
2
7
9
8
22
25
20
28
43
31
21
12
24
16
21
30
14
26
27
31
13
20
33
21
30
45
56
24
9
11
15
14
14
20
25
15
34
44
37
22
34
27
25
37
36
23
42
48
49
39
44
44
30
31
26
26
31
66
72
61
73
50
19
11
27
19
41
42
37
38
20
42
54
51
48
38
23
33
47
43
56
57
70
47
24
54
44
43
43
45
43
50
58
28
38
76
53
46
37
34
29
53
36
41
27
37
56
48
22
29
28
33
35
55
46
41
41
35
37
25
49
38
28
42
72
59
35
65
75
97
60
1
71
73
66
59
60
76
80
56
44
47
65
61
51
36
64
61
70
44
23
34
37
25
45
67
53
36
37
38
22
34
43
46
57
55
59
59
59
43
34
49
40
41
37
35
43
56
47
43
73
36
49
24
34
39
33
38
18
33
56
39
33
32
31
26
30
23
51
53
41
32
38
43
60
48
83
57
29
42
36
44
36
33
55
28
22
15
18
23
32
68
59
45
29
48
45
42
51
60
44
49
63
65
40
52
46
16
19
54
21
21
59
37
33
30
45
41
49
30
23
30
37
43
47
48
51
42
18
34
39
35
41
22
14
31
8
34
27
27
34
19
21
11
22
33
29
18
21
7
28
48
47
64
50
32
26
22
28
10
18
13
18
16
14
28
27
24
24
25
16
17
22
22
24
27
15
6
6
23
29
21
32
41
14
23
33
33
30
27
36
11
7
12
26
27
17
22
15
24
36
27
29
39
32
28
10
26
25
22
20
32
28
14
19
30
10
11
15
11
17
40
34
55
54
37
13
10
27
38
35
30
45
30
19
30
8
24
31
21
10
11
29
22
32
27
30
23
15
25
22
12
13
14
9
16
24
25
28
25
23
23
21
44
22
31
38
35
17
20
37
33
36
27
43
25
27
30
38
39
27
39
33
29
35
34
27
34
32
37
20
27
30
47
32
39
28
21
45
47
29
32
49
38
33
41
25
33
24
38
24
15
24
41
42
29
37
33
24
47
57
36
65
44
34
25
61
58
60
65
55
53
37
38
26
41
45
35
33
32
46
46
34
46
38
24
25
45
70
57
40
47
37
31
48
52
45
45
42
46
43
37
33
37
36
66
33
33
84
50
94
108
74
50
29
47
87
96
101
82
56
45
54
70
54
42
67
57
16
34
97
104
107
106
89
80
82
78
88
81
101
87
63
57
68
78
60
41
54
40
39
86
63
51
62
53
35
86
61
92
61
30
20
17
42
37
24
24
37
44
41
39
54
61
56
50
26
24
40
16
27
58
78
33
40
31
26
47
52
40
43
16
26
27
18
26
67
77
45
74
80
90
91
46
16
22
56
42
34
17
19
17
18
47
23
13
42
34
43
31
52
60
22
24
18
15
22
24
24
22
30
40
24
19
26
25
37
31
37
39
19
36
29
30
51
60
19
24
26
39
35
50
22
19
28
37
20
43
60
31
46
33
48
54
68
46
8
9
14
29
21
13
12
12
7
9
17
15
19
39
44
29
19
32
35
34
16
32
20
16
31
27
36
32
29
27
11
26
22
16
23
22
20
26
46
33
27
38
63
34
38
47
44
41
36
28
20
33
53
56
45
35
47
29
22
39
49
50
64
38
18
19
28
36
26
31
49
16
20
35
43
39
26
28
18
28
39
31
45
48
51
22
15
32
35
40
13
20
11
14
21
17
25
39
39
15
9
15
41
42
38
55
21
14
39
40
32
33
20
19
24
35
44
52
52
44
44
14
25
36
29
38
47
43
45
61
62
34
40
54
44
37
38
41
51
58
42
52
35
35
27
54
55
70
52
28
31
42
49
70
69
41
34
43
30
48
70
73
63
38
38
34
34
54
58
30
22
39
48
63
68
72
41
36
59
86
84
94
64
58
55
76
80
78
87
70
21
34
40
102
49
67
59
68
61
78
98
119
88
86
69
57
55
55
61
60
57
44
60
63
81
73
89
85
72
68
92
84
81
69
51
49
27
53
49
54
49
41
30
39
26
31
27
23
36
31
21
31
49
72
65
29
32
61
52
74
76
66
57
46
40
59
57
58
63
49
41
52
68
76
33
47
60
47
33
45
31
31
39
32
22
22
25
24
60
38
45
50
49
59
67
63
39
37
14
16
25
51
45
49
53
21
22
23
29
50
19
20
42
29
35
43
76
54
41
30
32
36
28
33
38
51
38
14
28
35
52
19
19
35
33
55
19
30
36
19
33
18
35
41
35
41
44
27
18
27
33
37
35
45
38
16
42
46
50
23
30
21
9
24
41
52
43
34
21
21
38
48
43
26
31
28
17
19
31
41
20
39
30
12
30
33
25
38
40
26
13
32
22
33
40
47
24
21
44
43
54
43
34
18
21
19
19
18
19
23
12
12
27
32
30
28
44
18
12
37
37
42
43
39
36
15
26
28
31
28
46
30
30
38
26
13
16
27
30
26
27
35
36
47
24
8
9
16
34
24
34
30
28
14
25
37
39
40
14
15
20
39
32
10
19
27
24
18
17
28
37
33
31
13
14
28
37
26
31
29
23
39
26
31
39
25
47
48
51
51
64
49
43
34
22
36
53
28
24
28
30
16
18
47
37
50
70
78
53
53
36
26
23
45
54
42
47
48
63
62
67
60
56
31
40
56
25
30
31
42
39
40
31
47
36
37
38
19
32
31
30
44
49
49
45
72
53
63
71
57
30
27
51
44
36
74
76
63
38
35
49
75
90
86
52
32
44
52
49
55
45
38
30
40
45
34
42
60
44
25
30
42
60
51
54
54
49
88
70
56
50
41
19
17
34
73
59
74
51
43
39
56
56
65
69
78
49
43
49
68
72
64
50
52
57
76
78
49
59
35
40
46
66
30
35
31
27
34
49
54
79
85
73
50
36
48
47
47
55
49
44
25
18
41
48
35
77
58
31
27
37
52
41
50
53
70
35
44
55
57
55
44
54
44
29
32
51
70
51
28
28
33
38
88
78
67
51
17
12
26
29
40
41
52
52
29
31
29
43
40
54
23
37
51
63
51
40
14
17
37
45
15
25
34
36
24
43
40
44
36
35
32
26
43
19
18
16
25
28
38
44
34
23
12
17
23
20
19
33
42
52
30
14
24
38
38
19
23
31
18
23
29
34
30
26
30
29
27
53
19
33
39
36
19
13
26
21
33
35
40
15
10
28
22
33
34
39
45
34
37
35
44
57
51
27
20
33
34
48
49
37
29
28
27
37
15
15
19
6
10
29
30
26
32
34
31
42
34
51
62
55
39
21
26
44
34
26
31
37
24
19
21
11
34
40
64
58
36
39
35
44
39
41
24
11
25
15
15
9
14
21
28
24
14
45
40
47
13
17
32
28
51
35
47
39
16
35
24
30
23
18
28
36
26
46
36
21
50
15
15
37
28
56
48
13
16
27
40
61
58
64
40
40
55
45
39
68
74
69
58
20
38
50
39
73
28
38
57
66
74
91
64
56
61
40
44
56
43
51
54
35
32
56
64
69
82
42
33
28
33
46
45
60
56
37
25
24
67
47
20
47
70
62
36
74
87
101
94
56
61
82
84
85
105
83
57
32
69
75
42
44
34
41
37
69
76
63
77
85
57
23
30
60
71
43
42
39
39
84
75
110
89
101
50
51
39
45
25
42
47
39
34
31
39
47
41
36
23
27
50
72
52
39
78
66
33
65
67
60
74
69
81
59
56
51
62
62
30
16
19
58
66
71
69
29
45
23
36
25
44
47
79
30
49
36
55
38
59
46
34
19
29
23
20
50
48
66
56
77
64
61
34
51
30
26
35
37
39
53
51
37
16
27
51
45
28
29
27
20
34
19
16
50
61
13
16
38
40
45
12
10
14
31
38
27
22
45
51
34
21
28
41
33
34
39
38
22
25
53
49
26
24
22
29
41
35
46
38
28
15
11
24
19
30
38
18
15
16
31
43
35
20
34
16
11
17
12
24
27
31
22
16
33
47
46
30
47
33
21
36
44
37
32
